image: hallway.pgm
resolution: 0.050000
origin: [460.000000, 220.000000, 0.000000]
negate: 0
occupied_thresh: 0.65
free_thresh: 0.196

